80 classes


wm:
euclid: 442.82it/s
result: 0.8935 0.8935 0.9053285011414064
result_without_unknown: 0.8935 0.8935 0.9053285011414064
unknown_rate: 0.0

svm: 88.37it/s
result: 0.9657083333333333 0.9657083333333333 0.9948871456414771
result_without_unknown: 0.9939105450491016 0.9939105450491016 0.9948645425293949
unknown_rate: 0.028375

knn: 64.63it/s
result: 0.9468333333333333 0.9468333333333333 0.9901805630319483
result_without_unknown: 0.9884297520661157 0.9884297520661157 0.9900216601941528
unknown_rate: 0.042083333333333334


hm:
euclid: 407.46it/s
result: 0.6692916666666666 0.6692916666666666 0.7297872265445629
result_without_unknown: 0.6692916666666666 0.6692916666666666 0.7297872265445629
unknown_rate: 0.0

svm: 87.09it/s
result: 0.6653333333333333 0.6653333333333333 0.9692884437329691
result_without_unknown: 0.9681683138301097 0.9681683138301097 0.9709099727832449
unknown_rate: 0.3127916666666667

knn: 63.95it/s
result: 0.6819166666666666 0.6819166666666666 0.9307708813991503
result_without_unknown: 0.9235370464420743 0.9235370464420743 0.9329944909515565
unknown_rate: 0.261625


true = ['10001', '10002', '10003']
predict = ['10004', '10002', '10001']
acc = 1/3

without_unknown
true = ['10002', '10003']
predict = ['10002', 10001']
acc = 1/2

