svm:
    wm: (0.9660416666666667, 0.9660416666666667, 0.994472631143025)
    hm: (0.7174583333333333, 0.7174583333333333, 0.9771259652870888)   